84 1200 1200
0 0
0 1200
1200 0
1200 1200
312 176
330 152
377 131
420 118
482 90
587 78
645 105
682 149
707 200
759 250
796 295
825 356
852 427
861 449
868 517
866 588
875 744
873 813
855 832
843 833
855 875
870 936
890 994
925 1049
936 1087
918 1083
896 1078
871 1077
856 1070
823 1079
797 1066
768 1048
748 1084
736 1129
686 1141
630 1152
580 1155
538 1139
522 1113
580 1096
630 1076
582 1015
559 1073
489 1090
428 1099
396 1084
340 1064
396 1041
445 1026
459 960
425 908
391 833
395 615
449 274
473 240
454 208
448 197
407 182
369 180
324 182
480 279
545 307
593 341
624 404
670 544
704 586
730 680
790 775
819 806
809 825
816 869
809 917
799 956
777 1009
759 1066
724 1084
690 1085
633 1073
552 1023
515 1022