84 1200 1200
0 0
0 1200
1200 0
1200 1200
4 154
21 844
34 1166
41 1065
44 1168
49 475
56 270
57 613
63 529
67 702
67 795
69 214
81 424
108 650
139 596
143 763
203 970
207 999
251 687
271 968
281 1130
288 546
296 691
324 467
356 1074
374 821
399 696
401 1082
412 239
415 387
439 782
455 947
464 1195
470 940
477 458
482 1107
525 525
528 337
550 721
563 1159
564 691
595 747
623 406
624 929
626 482
666 473
697 318
747 1099
781 776
794 895
797 504
797 546
815 276
820 741
840 683
860 227
874 9
889 383
892 412
892 1138
897 833
904 409
946 989
958 174
976 854
983 224
1001 169
1010 23
1022 206
1062 314
1083 827
1095 309
1120 315
1121 207
1129 926
1148 734
1154 1150
1184 573
1195 45
1200 519