80 1200 1200
450 347
837 376
767 565
843 1092
909 928
737 345
904 752
640 481
0 738
455 1001
115 924
351 145
985 996
464 360
1135 1199
706 1190
670 729
807 1142
829 964
868 416
346 1079
919 659
0 849
759 585
545 650
458 104
413 69
535 78
398 313
544 650
868 636
863 691
916 977
575 317
766 1044
573 623
331 184
782 457
869 791
905 1090
1200 827
1200 875
87 958
328 244
1039 1051
903 718
786 757
605 1133
344 409
27 1184
659 497
282 382
375 222
975 438
623 251
696 375
1200 268
1176 245
961 774
658 78
222 978
234 987
387 1048
759 1158
0 1049
152 1200
297 752
803 664
554 1113
710 562
161 289
453 260
215 422
727 649
157 631
522 315
1094 315
223 526
1135 1041
360 585